total_citations: 78.71428571428571
total_valid_citations: 56.142857142857146
valid_rate: 0.7132486388384754
